EventId: 12832
Spots: 2
Total Images: 16025
Time:	18.08.2024 08:27:53 to 19.08.2024 12:11:51
Duration: 1.03:43:58

(1) - Impressions / Pano
	PANO1
(2) - none
	ERM1
		Images:	16025
		Time:	18.08.2024 08:27:53 until 19.08.2024 12:11:51
		Duration:	1.03:43:58
		Location:	-158.17347 21.57145

