EventId: 13824
Spots: 4
Total Images: 14606
Time:	18.10.2025 06:57:22 to 18.10.2025 17:12:42
Duration: 10:15:20

(1) - Station 6 100-METER FARMER'S CARRY
	CCZ1
		Images:	6395
		Time:	18.10.2025 06:57:22 until 18.10.2025 16:57:56
		Duration:	10:00:34
		Location:	35.96095 -83.92235

(2) - Station 2 500 METER ROW
	MABI1
		Images:	1989
		Time:	18.10.2025 07:09:03 until 18.10.2025 16:29:01
		Duration:	09:19:58
		Location:	35.96095 -83.92235

(3) - Station 5 500-METER SKI ERG
	MBRS1
		Images:	3143
		Time:	18.10.2025 07:08:01 until 18.10.2025 16:53:06
		Duration:	09:45:05
		Location:	35.96095 -83.92235

(4) - Station 9 100-METER TANK PUSH/PULL
	ROOT1
		Images:	3079
		Time:	18.10.2025 07:29:37 until 18.10.2025 17:12:42
		Duration:	09:43:05
		Location:	35.96095 -83.92235

