EventId: 13894
Spots: 5
Total Images: 18427
Time:	27.09.2025 22:38:13 to 28.09.2025 17:05:59
Duration: 18:27:46

(1) - Start
	CCZ1
		Images:	2637
		Time:	28.09.2025 06:47:17 until 28.09.2025 17:05:59
		Duration:	10:18:42
		Location:	37.23206 -122.0623

(2) - 9.3 km Hostel Trail Meets San Andreas Trail
	AIPA1
		Images:	2664
		Time:	27.09.2025 22:38:13 until 28.09.2025 16:32:46
		Duration:	17:54:33
		Location:	37.23806 -122.0721

(3) - 3.0 km Todd Creek Redwoods
	DEST1
		Images:	5812
		Time:	28.09.2025 07:20:42 until 28.09.2025 15:22:04
		Duration:	08:01:22
		Location:	37.22649 -122.08074

(4) - 35.6 km Reservoir Aid Station
	DMCI1
		Images:	4849
		Time:	28.09.2025 05:33:05 until 28.09.2025 14:48:29
		Duration:	09:15:24
		Location:	37.22069 -122.0539

(5) - 19.4 km Skyline Aid Station
	TERT1
		Images:	2465
		Time:	28.09.2025 07:28:26 until 28.09.2025 15:12:31
		Duration:	07:44:05
		Location:	37.21961 -122.0739

