EventId: 15284
Spots: 4
Total Images: 20038
Time:	01.01.0001 23:00:00 to 12.07.2025 18:08:14
Duration: 739442.19:08:14

(1) - Arena cycle
	HED1
		Images:	2624
		Time:	12.07.2025 07:36:58 until 12.07.2025 16:51:18
		Duration:	09:14:20
		Location:	53.39887 -6.36189

(2) - Run
	GEB1
		Images:	3908
		Time:	01.01.0001 23:00:00 until 12.07.2025 16:19:36
		Duration:	739442.17:19:36
		Location:	53.39846 -6.36161

(3) - Arena lift
	SOUG1
		Images:	8738
		Time:	12.07.2025 07:27:13 until 12.07.2025 17:39:19
		Duration:	10:12:06
		Location:	53.39882 -6.36218

(4) - Arena balls
	OHAL1
		Images:	4768
		Time:	12.07.2025 07:42:14 until 12.07.2025 18:08:14
		Duration:	10:26:00
		Location:	53.39871 -6.36201

