EventId: 16365
Spots: 4
Total Images: 3796
Time:	05.04.2025 08:46:10 to 05.04.2025 11:04:53
Duration: 02:18:43

(1) - Impressions / Pano
	PK1
		Images:	116
		Time:	05.04.2025 08:46:10 until 05.04.2025 08:56:35
		Duration:	00:10:25
		Location:	40.69052 -74.01850

(2) - Start
	PK2
		Images:	458
		Time:	05.04.2025 08:58:01 until 05.04.2025 09:05:33
		Duration:	00:07:32
		Location:	40.69052 -74.01850

(3) - 4.3 km Course
	PK3
		Images:	396
		Time:	05.04.2025 09:14:57 until 05.04.2025 09:32:05
		Duration:	00:17:08
		Location:	40.69032 -74.01896

(4) - Finish
	PK4
		Images:	2826
		Time:	05.04.2025 09:35:48 until 05.04.2025 11:04:53
		Duration:	01:29:05
		Location:	40.69052 -74.01850

