EventId: 16464
Spots: 2
Total Images: 2960
Time:	13.04.2025 07:08:45 to 13.04.2025 12:12:32
Duration: 05:03:47

(1) - Start
	TM1
		Images:	73
		Time:	13.04.2025 07:08:45 until 13.04.2025 08:33:12
		Duration:	01:24:27
		Location:	40.65546 -73.97190

(2) - Finish
	TM2
		Images:	2887
		Time:	13.04.2025 08:01:16 until 13.04.2025 12:12:32
		Duration:	04:11:16
		Location:	40.65837 -73.97257

