EventId: 16497
Spots: 3
Total Images: 3892
Time:	10.05.2025 09:16:21 to 10.05.2025 10:59:50
Duration: 01:43:29

(1) - Finish
	PK1
		Images:	2896
		Time:	10.05.2025 09:36:47 until 10.05.2025 10:59:50
		Duration:	01:23:03
		Location:	40.69065 -74.01851

(2) - Start
	PK2
		Images:	159
		Time:	10.05.2025 09:16:21 until 10.05.2025 10:57:54
		Duration:	01:41:33
		Location:	40.69075 -74.01896

(3) - 3.0 mile Course
	PK3
		Images:	837
		Time:	10.05.2025 09:17:59 until 10.05.2025 09:36:03
		Duration:	00:18:04
		Location:	40.69007 -74.01870

